# Created by Octave 5.2.0, Mon Jun 29 11:12:36 2020 EEST <vitalii@pop-os>
# name: f
# type: matrix
# rows: 5
# columns: 2
 2014 3
 1600 3
 2400 3
 1416 2
 3000 4


